282.105053 19.575057
282.056050 20.229754
282.005995 20.889717
281.954860 21.554859
281.902612 22.225083
281.849225 22.900288
281.794665 23.580368
281.738899 24.265205
281.681892 24.954678
281.623609 25.648660
281.564012 26.347013
281.503063 27.049597
281.440721 27.756262
281.376945 28.466854
281.311693 29.181211
281.244918 29.899165
281.176573 30.620542
281.106609 31.345163
281.034976 32.072841
280.961618 32.803386
280.886483 33.536601
280.809512 34.272286
280.730644 35.010235
280.649815 35.750237
280.566961 36.492078
280.482011 37.235541
280.394893 37.980404
280.305534 38.726443
280.213852 39.473432
280.119767 40.221142
280.023190 40.969343
279.924031 41.717803
279.822194 42.466289
279.717580 43.214568
279.610082 43.962406
279.499592 44.709573
279.385993 45.455834
279.269162 46.200961
279.148971 46.944722
279.025284 47.686892
278.897959 48.427246
278.766842 49.165560
278.631780 49.901618
278.492601 50.635203
278.349128 51.366103
278.201174 52.094110
278.048539 52.819022
277.891014 53.540640
277.728374 54.258768
277.560381 54.973218
277.386787 55.683807
277.207324 56.390355
277.021706 57.092690
276.829630 57.790643
276.630774 58.484052
276.424794 59.172761
276.211320 59.856618
275.989963 60.535479
275.760301 61.209203
275.521883 61.877655
275.274227 62.540707
275.016815 63.198233
274.749090 63.850116
274.470453 64.496240
274.180257 65.136494
273.877811 65.770775
273.562361 66.398980
273.233095 67.021010
272.889135 67.636770
272.529527 68.246166
272.153236 68.849110
271.759136 69.445510
271.346008 70.035280
270.912514 70.618332
270.457197 71.194576
269.978463 71.763925
269.474568 72.326284
268.943597 72.881560
268.383443 73.429651
267.791799 73.970453
267.166111 74.503851
266.503564 75.029724
265.801047 75.547937
265.055113 76.058344
264.261946 76.560782
263.417306 77.055069
262.516480 77.541000
261.554240 78.018348
260.524752 78.486851
259.421530 78.946212
258.237355 79.396095
256.964198 79.836113
255.593143 80.265823
254.114315 80.684717
252.516827 81.092213
250.788725 81.487641
248.916997 81.870233
246.887638 82.239107
244.685798 82.593259
242.296073 82.931546
239.702977 83.252676
236.891654 83.555204
233.848907 83.837538
230.564533 84.097943
227.033037 84.334581
223.255592 84.545559
219.242071 84.729004
215.012827 84.883172
210.599758 85.006559
206.046180 85.098047
201.405175 85.157010
196.736372 85.183412
192.101556 85.177842
187.559879 85.141495
183.163558 85.076092
178.954811 84.983762
174.964340 84.866900
171.211378 84.728025
167.704834 84.569666
164.445113 84.394261
161.426159 84.204098
158.637396 84.001273
156.065400 83.787675
153.695219 83.564985
151.511333 83.334683
149.498385 83.098064
147.641600 82.856253
145.927065 82.610227
144.341877 82.360830
142.874192 82.108792
141.513227 81.854743
140.249197 81.599226
139.073288 81.342711
137.977554 81.085603
136.954855 80.828251
135.998773 80.570957
135.103542 80.313984
134.263982 80.057556
133.475438 79.801869
132.733707 79.547091
132.035014 79.293368
131.375951 79.040826
130.753438 78.789572
130.164686 78.539699
129.607172 78.291288
129.078606 78.044406
128.576899 77.799111
128.100157 77.555453
127.646652 77.313471
127.214804 77.073201
126.803169 76.834670
126.410423 76.597901
126.035355 76.362913
125.676850 76.129717
125.333878 75.898326
125.005497 75.668744
124.690833 75.440976
124.389082 75.215024
124.099498 74.990885
123.821392 74.768557
123.554124 74.548034
123.297097 74.329310
123.049759 74.112377
122.811596 73.897226
122.582129 73.683846
122.360911 73.472226
122.147525 73.262353
121.941582 73.054215
121.742713 72.847798
121.550578 72.643088
121.364856 72.440070
121.185246 72.238729
121.011467 72.039049
120.843251 71.841015
120.680349 71.644611
120.522528 71.449820
120.369561 71.256625
120.221242 71.065012
120.077372 70.874962
119.937764 70.686458
90.000000 0.121385
